 29.25  28.90  29.26  28.88  28.59  28.98 
 29.11  29.27  29.93  29.02  29.31  29.86 
 30.30  30.78  30.15  30.48  30.92  30.34 
 31.61  31.06  31.30  31.26  31.88  31.60 
 32.28  32.17  32.82  32.29  32.98  32.83 
 33.58  33.42  33.13  33.53  33.20  33.46 
 34.33  34.01  34.17  34.18  34.97  34.06 
 32.10  32.45  32.74  32.80  32.88  32.54 
 31.35  31.46  31.19  31.61  31.59  31.52 
 30.91  30.28  30.50  30.75  30.52  30.82 
 29.88  29.22  29.10  29.84  29.49  29.61 
 28.58  28.79  28.96  28.41  28.57  28.27 
 29.45  29.17  28.58  29.31  28.60  28.99 
 29.26  29.09  29.45  29.75  29.11  29.59 
 30.17  30.79  30.40  30.38  30.15  30.59 
 31.18  31.00  31.95  31.69  31.29  31.21 
 32.06  32.37  32.94  32.32  32.98  32.44 
 33.96  33.21  33.69  33.46  33.60  33.84 
 34.54  34.04  34.97  34.32  34.30  34.68 
 32.37  32.18  32.37  32.87  32.35  32.49 
 31.81  31.67  31.48  31.21  31.51  31.62 
 30.70  30.24  30.29  30.07  30.56  30.05 
 29.44  29.01  29.83  29.80  29.88  29.99 
 28.47  28.87  28.60  28.02  28.40  28.72 
 28.98  28.74  28.79  28.84  28.67  28.73 
 29.71  29.15  29.62  29.46  29.79  29.46 
 30.09  30.16  30.86  30.53  30.22  30.72 
 31.99  31.93  31.23  31.88  31.28  31.22 
 32.50  32.75  32.79  32.76  32.62  32.53 
 33.65  33.31  33.84  33.49  33.13  33.49 
 34.87  34.41  34.45  34.68  34.86  34.34 
 32.44  32.94  32.12  32.33  32.93  32.99 
 31.39  31.05  31.89  31.63  31.82  31.30 
 30.08  30.61  30.53  30.77  30.20  30.39 
 29.36  29.61  29.36  29.57  29.57  29.42 
 28.80  28.10  28.30  28.93  28.82  28.82 
 29.40  29.00  29.20  29.12  29.49  29.25 
 29.16  29.80  29.02  29.75  29.17  29.64 
 30.37  30.05  30.55  30.53  30.34  30.59 
 31.79  31.44  31.52  31.11  31.76  31.74 
 32.83  32.82  32.81  32.10  32.73  32.83 
 33.21  33.96  33.61  33.67  33.60  33.07 
 34.48  34.49  34.95  34.18  34.01  34.94 
 32.85  32.89  32.40  32.18  32.18  32.58 
 31.89  31.57  31.14  31.95  31.52  31.53 
 30.42  30.16  30.42  30.94  30.73  30.60 
 29.18  29.85  29.48  29.61  29.07  29.33 
 28.18  28.85  28.79  28.94  28.14  28.26 
 28.94  29.32  28.58  29.28  29.09  29.36 
 29.38  29.38  29.88  29.12  29.64  29.18 
 30.33  30.78  30.67  30.15  30.37  30.86 
 31.88  31.53  31.28  31.14  31.92  31.33 
 32.38  32.20  32.91  32.97  32.10  32.52 
 33.42  33.95  33.41  33.47  33.92  33.71 
 34.17  34.49  34.39  34.26  34.40  34.10 
 32.67  32.53  32.45  32.26  32.41  32.57 
 31.39  31.11  31.63  31.72  31.20  31.95 
 30.62  30.53  30.33  30.76  30.50  30.01 
 29.39  29.64  29.35  29.38  29.95  29.01 
 28.18  28.36  28.52  28.51  28.66  28.32 
 28.58  29.20  28.87  29.29  28.91  29.06 
 29.74  29.53  29.50  29.43  29.55  29.97 
 30.87  30.08  30.94  30.63  30.46  30.15 
 31.50  31.83  31.48  31.35  31.58  31.56 
 32.43  32.15  32.33  32.71  32.54  32.50 
 33.89  33.52  33.43  33.43  33.99  33.86 
 34.24  34.36  34.38  34.92  34.15  34.06 
 32.78  32.28  32.59  32.70  32.76  32.86 
 31.28  31.13  31.85  31.39  31.54  31.40 
 30.21  30.82  30.96  30.73  30.35  30.49 
 29.82  29.33  29.66  29.79  29.48  29.29 
 28.97  28.79  28.85  28.25  28.88  28.92 
 29.37  29.03  29.10  29.47  29.12  28.95 
 29.70  29.64  29.79  29.13  29.06  29.17 
 30.20  30.63  30.57  30.53  30.77  30.12 
 31.05  31.79  31.95  31.49  31.35  31.94 
 32.67  33.00  32.12  32.72  32.57  32.96 
 33.72  33.94  33.85  33.00  33.42  33.53 
 34.23  34.54  34.25  34.31  34.14  34.05 
 32.17  32.87  32.80  32.09  32.06  32.98 
 31.15  31.57  31.47  31.08  31.51  31.32 
 30.84  30.17  30.75  30.20  30.71  30.20 
 29.77  29.20  29.94  29.89  29.38  29.39 
 28.81  28.95  28.19  28.79  28.11  28.92 
 28.70  28.89  29.24  28.64  28.56  28.53 
 29.72  29.35  29.12  29.32  29.23  29.17 
 30.96  30.18  30.92  30.71  30.24  30.84 
 31.85  31.72  31.93  31.71  31.41  31.67 
 32.64  32.86  32.03  32.03  32.65  32.60 
 33.89  33.30  33.02  33.39  33.79  33.12 
 34.34  34.89  34.21  34.95  34.59  34.87 
 32.12  32.67  32.34  32.06  32.81  32.09 
 31.90  31.36  31.91  31.89  31.17  31.09 
 30.19  30.91  30.48  30.15  30.87  30.78 
 29.68  29.57  29.97  29.59  29.33  29.38 
 28.35  28.24  28.61  28.55  28.91  28.50 
 29.18  28.79  28.77  29.10  29.40  28.99 
 29.79  29.81  29.16  29.18  29.38  29.14 
 30.42  30.02  30.14  30.09  30.03  30.02 
 31.59  31.71  31.01  31.38  31.63  31.37 
 32.40  32.95  32.72  32.82  32.91  32.06 
 33.02  33.64  33.70  33.21  33.97  33.80 
 34.01  34.27  34.13  34.18  34.77  34.04 
 32.60  32.20  32.54  32.89  32.63  32.10 
 31.32  31.41  31.37  31.39  31.31  31.23 
 30.75  30.65  30.87  30.75  30.24  30.45 
 29.45  29.82  29.56  29.25  29.12  29.43 
 28.61  28.92  28.38  28.48  28.75  28.40 
 29.40  29.29  28.52  29.07  28.81  28.98 
 29.04  29.90  29.02  29.26  29.80  29.90 
 30.45  30.85  30.07  30.98  30.91  30.64 
 31.71  31.96  31.69  31.58  31.09  31.90 
 32.99  32.22  32.94  32.91  32.30  32.52 
 33.23  33.18  33.02  33.15  33.09  33.90 
 34.93  34.17  34.23  34.18  34.35  34.77 
 32.76  32.41  32.94  32.40  32.10  32.99 
 31.11  31.37  31.84  31.13  31.52  31.33 
 30.39  30.79  30.44  30.99  30.11  30.65 
 29.82  29.97  29.01  29.91  29.80  29.20 
 28.57  28.84  28.64  28.30  28.80  28.14 
 28.74  29.19  28.54  28.75  29.29  28.98 
 29.35  29.66  29.32  29.66  29.57  29.22 
 30.39  30.01  30.74  30.63  30.86  30.98 
 31.70  31.16  31.08  31.44  31.32  31.51 
 32.42  32.94  32.04  32.04  32.55  32.64 
 33.09  33.28  33.62  33.66  33.65  33.98 
 34.17  34.48  34.63  34.79  34.52  34.48 
 32.18  32.84  32.66  32.68  32.59  32.49 
 31.82  31.61  31.43  31.74  31.44  31.65 
 30.55  30.83  30.90  30.12  30.72  30.92 
 29.83  29.54  29.76  29.80  29.20  29.76 
 28.30  28.18  28.73  28.79  28.11  28.92 
 28.66  28.82  28.54  28.78  28.91  29.03 
 29.90  29.43  29.16  29.34  29.58  29.07 
 30.27  30.94  30.60  30.28  30.51  30.24 
 31.89  32.00  31.79  31.30  31.50  31.35 
 32.26  32.52  32.50  32.85  32.03  32.00 
 33.24  33.41  33.35  33.74  33.22  33.45 
 35.00  34.67  34.45  34.47  34.97  34.80 
 32.16  32.26  32.68  32.22  32.23  32.88 
 31.25  31.33  31.26  31.40  31.79  31.15 
 30.92  30.25  30.96  30.18  30.79  30.75 
 29.69  29.02  29.37  29.77  29.72  29.24 
 28.82  28.29  28.35  28.85  28.33  28.96 
 29.29  28.93  29.02  29.01  29.15  29.11 
 29.40  29.76  29.48  29.23  29.35  29.13 
 30.64  30.03  30.75  30.85  30.54  30.69 
 31.17  31.53  31.91  31.95  31.58  31.37 
 32.83  32.11  32.59  32.62  32.05  32.32 
 33.07  33.62  33.03  33.14  33.02  33.12 
 34.64  34.30  34.18  34.40  34.86  34.26 
 32.30  32.11  32.38  32.44  32.42  32.59 
 31.09  31.80  31.33  31.78  31.43  31.21 
 30.60  30.27  30.83  30.44  30.83  30.17 
 29.76  29.63  29.65  29.54  29.23  29.88 
 28.99  28.85  28.60  28.08  28.77  28.31 
 28.94  29.23  29.37  28.72  28.78  29.49 
 29.95  29.46  29.89  30.00  29.15  29.97 
 30.94  30.35  30.83  30.73  30.22  30.37 
 31.33  31.10  31.30  31.74  31.26  31.07 
 32.44  32.44  32.02  32.51  32.38  32.68 
 33.49  33.50  33.68  33.50  33.31  33.64 
 34.72  34.08  34.29  34.68  34.38  34.25 
 32.34  32.96  32.50  32.61  32.19  32.02 
 31.18  31.97  31.43  31.12  31.22  31.21 
 30.78  30.06  30.18  30.71  30.68  30.76 
 29.70  29.40  29.13  29.91  29.78  29.92 
 28.50  28.45  28.11  28.60  28.50  28.47 
 28.77  28.97  28.55  28.85  28.79  28.99 
 29.56  29.30  29.08  29.28  29.32  29.78 
 30.21  30.85  30.29  30.17  30.03  30.80 
 31.87  31.29  31.81  31.79  31.66  31.22 
 32.68  32.55  32.18  32.15  32.27  32.24 
 33.25  33.05  33.24  33.45  33.55  33.75 
 34.76  34.56  34.40  34.00  34.64  34.85 
 32.65  32.97  32.90  32.40  32.47  32.82 
 31.05  31.57  31.84  31.55  31.27  31.11 
 30.41  30.08  30.81  30.77  30.41  30.75 
 29.73  29.62  29.53  29.68  29.41  29.12 
 28.25  28.56  28.66  28.92  28.68  28.99 
 28.52  28.60  28.51  28.59  28.75  29.38 
 29.53  29.23  29.61  29.86  29.39  29.97 
 30.90  30.70  30.07  30.83  30.28  30.05 
 31.21  31.32  31.08  31.96  31.21  31.41 
 32.11  32.79  32.23  32.97  32.90  32.66 
 33.01  33.55  33.33  33.67  33.15  33.55 
 34.62  34.90  34.47  34.36  34.77  34.45 
 32.93  32.55  32.72  32.24  32.36  32.54 
 31.54  31.78  31.31  31.47  31.20  31.94 
 30.96  30.27  30.09  30.24  30.18  30.83 
 29.47  29.69  29.29  29.88  29.45  29.60 
 28.11  28.71  28.93  28.75  28.57  28.85 
 28.79  29.47  28.93  28.88  29.40  29.18 
 29.81  29.64  29.43  29.69  29.06  29.88 
 30.20  30.33  30.22  30.94  30.75  30.03 
 31.95  31.73  31.40  31.63  31.94  31.03 
 32.81  32.82  32.98  32.05  32.28  32.32 
 33.90  33.92  33.43  33.19  33.65  33.40 
 34.89  34.76  34.45  34.25  34.60  34.49 
 32.01  32.18  32.21  32.69  32.51  32.69 
 31.20  31.14  31.11  31.15  31.96  31.95 
 30.53  30.17  30.45  30.05  30.89  30.00 
 29.59  29.04  29.02  29.20  29.91  29.72 
 28.95  28.92  28.57  28.67  28.98  28.73 
 28.90  28.65  29.18  28.94  29.15  29.11 
 29.70  29.07  29.07  29.77  29.83  29.67 
 30.68  30.48  30.74  30.02  30.26  30.68 
 31.85  31.38  31.18  31.26  31.60  31.49 
 32.30  32.17  32.94  32.63  32.19  32.78 
 33.98  33.20  33.22  33.29  33.43  33.43 
 34.35  34.30  34.31  34.96  34.59  34.85 
 32.05  32.07  32.75  32.31  32.11  32.66 
 31.27  31.52  31.62  31.26  31.80  31.93 
 30.51  30.11  30.70  30.55  30.63  30.32 
 29.72  29.62  29.04  29.47  29.66  29.23 
 28.27  28.15  28.93  28.90  28.49  28.07 
 29.48  29.06  28.76  28.65  29.32  28.92 
 29.42  29.34  29.91  29.64  29.96  29.35 
 30.69  30.41  30.87  30.19  30.80  30.48 
 31.98  31.61  31.69  31.13  31.94  31.72 
 32.33  32.03  32.23  32.50  32.14  32.98 
 33.38  33.34  33.47  33.61  33.51  33.18 
 34.05  34.17  34.70  34.87  34.74  34.04 
 32.01  32.17  33.00  32.63  32.10  32.15 
 31.71  31.83  31.95  31.77  31.30  31.04 
 30.25  30.61  30.96  30.48  30.19  30.93 
 29.37  29.38  29.69  29.90  29.12  29.37 
 28.89  28.34  28.93  28.16  28.62  28.96 
 29.19  28.85  28.59  29.49  29.38  28.68 
 29.33  29.91  29.78  29.83  29.80  29.14 
 30.01  30.40  30.11  30.51  30.62  30.99 
 31.58  31.70  31.09  31.45  31.69  31.82 
 32.56  32.62  32.79  32.27  32.10  32.42 
 33.87  33.52  33.92  33.67  33.01  33.59 
 34.51  34.66  34.51  34.80  34.94  34.20 
 32.88  32.47  32.43  32.75  32.68  32.75 
 31.88  31.67  31.99  31.72  31.51  31.84 
 30.74  30.87  30.01  30.70  30.13  30.85 
 29.19  29.03  29.29  29.05  29.31  29.08 
 28.15  28.60  28.82  28.80  28.44  28.96 
 29.48  29.15  29.11  29.16  28.69  28.69 
 29.02  29.20  29.67  29.53  29.85  29.51 
 30.33  30.26  30.05  30.48  30.42  30.11 
 31.54  31.22  31.97  31.63  31.67  31.44 
 32.36  32.21  32.90  32.02  32.41  32.68 
 33.53  33.80  33.79  33.43  33.15  33.42 
 34.31  34.19  34.93  34.88  34.99  34.07 
 32.31  32.53  32.64  32.51  32.86  32.51 
 31.25  31.90  31.70  31.96  31.77  31.62 
 30.15  30.18  30.69  30.59  30.61  30.87 
 29.74  29.43  29.36  29.63  29.73  29.46 
 28.30  28.58  28.34  28.74  28.33  28.81 
 29.47  28.73  28.62  29.47  28.68  29.03 
 29.59  29.03  29.44  29.04  29.24  29.59 
 30.34  30.17  30.64  30.60  30.30  30.68 
 31.01  31.81  31.28  31.03  31.05  31.62 
 32.85  32.77  32.37  32.47  32.62  32.21 
 33.99  33.79  33.99  33.19  33.05  33.76 
 34.72  34.81  34.07  34.08  34.53  34.95 
 32.70  32.87  32.84  32.22  32.03  32.98 
 31.07  31.34  31.25  31.86  31.09  31.12 
 30.66  30.42  30.91  30.21  30.40  30.55 
 29.29  29.51  29.93  29.67  29.95  29.71 
 28.13  28.53  28.17  28.46  29.00  28.63 
 29.33  28.87  28.87  28.69  28.90  28.97 
 29.29  29.42  29.11  29.16  29.99  29.60 
 30.58  30.83  30.83  30.40  30.52  30.96 
 31.83  31.44  31.36  31.76  31.43  31.17 
 32.87  32.90  32.42  32.54  32.85  32.12 
 33.06  33.24  33.03  33.45  33.57  33.23 
 34.46  34.90  34.16  34.22  34.63  34.48 
 32.57  32.88  32.60  32.27  32.66  32.88 
 31.26  31.42  31.80  31.16  31.93  31.94 
 30.80  30.26  30.79  30.87  30.46  30.06 
 29.82  29.58  29.29  29.35  29.96  29.50 
 28.84  28.32  28.49  28.72  28.87  28.93 
 28.95  28.59  28.55  29.47  28.92  29.25 
 29.71  29.15  29.52  29.72  29.33  29.36 
 30.59  30.44  30.29  30.15  30.42  30.41 
 31.15  31.57  31.50  31.24  31.24  31.33 
 32.85  32.87  32.48  32.26  32.98  32.49 
 33.89  33.64  33.97  33.42  33.26  33.25 
 34.32  34.39  34.69  34.75  34.95  34.94 
 32.60  32.96  32.64  32.09  32.58  32.64 
 31.27  31.92  31.84  31.95  31.80  31.83 
 30.34  30.26  30.69  30.59  30.64  30.16 
 29.56  29.32  29.42  29.03  29.27  29.77 
 28.95  28.80  28.56  28.16  28.24  28.56 
 29.27  28.71  29.28  29.17  28.61  28.70 
 29.91  29.90  29.27  29.18  29.77  29.24 
 30.67  30.44  30.90  30.71  30.20  30.90 
 31.50  31.78  31.57  31.22  31.60  31.53 
 32.26  32.49  32.17  32.03  32.76  32.81 
 33.27  33.39  33.61  33.21  33.40  33.32 
 34.39  34.23  34.88  34.83  34.25  34.79 
 32.12  32.06  32.68  32.65  32.90  32.69 
 31.74  31.46  31.02  31.99  31.20  31.32 
 30.91  30.44  30.21  30.10  30.31  30.29 
 29.57  29.07  29.48  29.24  29.78  29.07 
 28.06  28.39  28.62  28.25  28.09  28.42 
 29.19  28.75  28.57  28.88  28.65  28.52 
 29.12  29.51  29.91  29.04  29.12  29.48 
 30.35  30.37  30.35  30.29  30.48  30.42 
 31.04  31.48  31.20  31.16  31.53  31.20 
 32.61  32.70  32.32  32.88  32.87  32.05 
 33.62  33.74  33.08  33.33  33.88  33.59 
 34.94  34.09  34.32  34.43  34.82  34.75 
 32.32  32.54  32.13  32.17  32.64  32.44 
 31.60  31.18  31.89  31.21  31.71  31.34 
 30.91  30.80  30.98  30.45  30.80  30.04 
 29.26  29.43  29.66  29.87  29.33  29.93 
 28.48  28.68  28.08  28.10  28.28  28.53 
 29.49  28.56  29.03  29.06  28.57  29.15 
 29.08  29.09  29.48  29.15  29.57  29.53 
 30.18  30.17  30.62  30.02  30.95  30.52 
 31.18  31.23  31.37  31.80  31.02  31.21 
 32.74  32.93  32.29  32.48  32.48  32.10 
 33.80  33.53  33.72  33.01  33.85  33.34 
 34.05  34.11  34.44  34.16  34.50  34.01 
 32.45  32.28  32.60  32.53  32.26  32.46 
 31.98  31.91  31.47  31.50  31.08  31.16 
 30.07  30.52  30.19  30.47  30.88  30.85 
 29.01  29.61  29.78  29.40  29.89  29.60 
 28.97  28.36  28.57  28.67  28.95  28.81 
 28.84  29.26  29.47  28.52  28.73  29.25 
 29.56  29.07  29.41  29.85  29.97  29.55 
 30.59  30.78  30.71  30.56  30.74  30.96 
 31.11  31.48  31.19  31.10  31.18  31.55 
 32.92  32.57  32.65  32.36  32.74  32.35 
 33.99  33.50  33.98  33.76  33.98  33.24 
 34.27  34.11  34.12  34.64  34.47  34.36 
 32.67  32.38  32.48  32.14  32.97  32.90 
 31.92  31.62  31.24  31.68  31.64  31.26 
 30.75  30.76  30.00  30.65  30.88  30.94 
 29.99  29.17  29.55  29.28  29.71  29.95 
 28.69  28.79  28.04  28.87  28.44  28.65 
 28.79  28.70  28.74  29.34  28.76  29.08 
 29.74  29.29  29.57  29.59  29.47  29.40 
 30.91  30.87  30.30  30.71  30.97  30.51 
 31.80  31.69  31.23  31.51  31.80  31.29 
 32.19  32.95  32.64  32.57  32.64  32.22 
 33.23  33.37  33.60  33.00  33.82  33.21 
 34.99  34.93  34.39  34.15  34.84  34.64 
 32.67  32.16  32.38  32.32  32.44  32.65 
 31.29  31.94  31.02  31.19  31.07  31.47 
 30.49  30.21  30.60  30.91  30.35  30.65 
 29.82  29.13  29.17  29.05  29.65  29.05 
 28.36  28.44  28.74  28.54  28.63  28.40 
 28.59  28.95  28.81  29.38  28.90  29.44 
 29.96  29.99  29.17  29.98  29.02  29.56 
 30.95  30.43  30.20  30.90  30.34  30.90 
 31.41  31.32  31.94  31.67  31.24  31.75 
 32.47  32.51  32.18  32.01  32.59  32.67 
 33.47  33.96  33.68  33.72  33.52  33.63 
 35.00  34.22  34.22  34.89  34.40  34.06 
 32.24  32.52  32.44  32.76  32.28  32.66 
 31.48  31.06  31.69  31.15  31.37  31.53 
 30.79  30.83  30.04  30.03  30.32  30.46 
 29.26  29.72  29.47  29.86  29.23  29.77 
 28.12  28.01  28.51  28.53  28.18  28.52 
 29.34  29.48  28.67  29.15  29.20  29.32 
 29.74  29.94  29.12  29.84  29.79  29.15 
 30.23  30.50  30.85  30.40  30.73  30.30 
 31.50  31.51  31.84  31.93  31.40  31.38 
 32.51  32.37  32.67  32.32  32.45  32.51 
 33.54  33.52  33.21  33.53  33.14  33.74 
 34.17  34.59  34.00  34.48  34.80  34.39 
 32.45  32.14  32.39  32.45  32.62  32.97 
 31.83  31.10  31.21  32.00  31.28  31.01 
 30.17  30.73  30.60  30.20  30.90  30.20 
 29.15  29.12  29.23  29.32  29.79  29.76 
 28.51  28.76  28.38  28.81  28.45  28.18 
 29.23  28.69  28.85  29.40  28.97  29.24 
 29.19  29.18  29.82  29.18  29.07  29.68 
 30.99  30.10  30.51  30.73  30.75  30.77 
 31.05  31.06  31.19  31.43  31.02  31.18 
 32.17  32.34  32.29  32.10  32.70  32.41 
 33.48  33.57  33.15  33.90  33.01  33.19 
 34.56  34.30  34.08  34.15  34.16  34.91 
 32.70  32.43  32.48  32.49  32.83  32.50 
 31.35  31.30  31.92  31.65  31.49  31.82 
 30.87  30.77  30.02  30.18  30.18  30.82 
 29.25  29.95  29.47  29.30  29.09  29.10 
 28.70  28.83  28.26  28.66  28.22  28.04 
 29.37  28.71  29.08  29.16  28.97  28.67 
 29.18  29.89  29.86  29.51  29.42  29.60 
 30.98  30.52  30.04  30.43  30.44  30.41 
 31.25  31.05  31.16  31.26  31.61  31.49 
 32.04  32.95  32.87  32.76  32.17  32.76 
 33.66  33.48  33.43  33.75  33.95  33.99 
 34.73  34.77  34.37  34.10  34.88  34.63 
 32.22  32.75  32.75  32.60  32.25  32.87 
 31.57  31.09  31.87  31.50  31.72  31.69 
 30.22  30.70  30.23  30.97  30.62  30.97 
 29.83  29.15  29.16  29.26  29.88  29.13 
 28.57  28.90  28.86  28.41  28.44  28.28 
 29.11  29.37  28.75  28.99  29.10  28.99 
 29.84  30.00  29.11  29.41  29.02  29.87 
 30.27  30.67  30.62  30.10  30.33  30.98 
 31.52  31.18  31.41  31.12  31.73  31.01 
 32.58  32.36  32.20  32.73  32.88  32.41 
 33.31  33.17  33.76  33.49  33.47  33.86 
 34.04  34.41  34.09  34.59  34.36  34.94 
 32.19  32.20  32.40  32.85  32.82  32.95 
 31.63  31.06  31.78  31.54  31.31  31.55 
 30.60  30.08  30.99  30.14  30.80  30.60 
 29.66  29.73  29.99  29.72  29.33  29.01 
 28.95  28.60  28.43  28.93  28.58  28.83 
 28.92  28.78  28.71  29.10  28.59  29.27 
 29.73  29.83  29.72  29.41  30.00  29.42 
 30.50  30.78  30.70  30.50  30.87  30.98 
 31.35  31.09  31.39  31.21  31.99  31.15 
 32.35  32.39  32.08  32.78  32.76  32.47 
 33.43  33.45  33.96  33.88  33.55  33.65 
 34.45  34.20  34.00  34.03  34.42  34.76 
 32.96  32.97  32.81  32.59  32.37  32.87 
 31.67  31.28  31.36  31.13  31.10  31.31 
 30.53  30.61  30.22  30.17  30.34  30.54 
 29.28  29.90  29.44  29.98  29.50  29.15 
 28.60  28.36  28.38  28.61  28.09  28.35 
 29.36  28.57  29.13  29.09  29.04  28.70 
 29.31  29.46  29.60  29.89  29.96  29.27 
 30.81  30.29  30.95  30.47  30.65  30.05 
 31.17  31.27  31.90  31.62  31.62  31.68 
 32.20  32.55  32.11  32.18  32.89  32.55 
 33.00  33.06  33.16  33.74  33.18  33.45 
 34.45  34.69  34.83  34.77  34.55  34.38 
 32.86  32.68  32.25  32.23  32.09  32.37 
 31.13  31.31  31.36  31.96  31.43  31.10 
 30.13  30.29  30.40  30.75  30.20  30.70 
 29.13  29.87  29.52  29.12  29.75  29.20 
 28.21  28.21  28.29  28.46  28.36  28.24 
 28.83  29.26  29.36  29.01  28.61  29.42 
 29.89  29.73  29.75  29.22  29.37  29.93 
 30.69  30.98  30.87  30.91  30.52  30.52 
 31.75  31.58  31.99  31.50  31.77  31.63 
 32.24  32.53  32.50  32.65  32.80  32.34 
 33.57  33.10  33.72  33.80  33.57  33.73 
 34.60  34.64  34.22  34.88  34.78  34.27 
 32.06  32.87  32.38  32.53  32.84  32.74 
 31.91  31.11  31.69  31.91  31.97  31.81 
 30.85  30.61  30.06  30.18  30.15  30.30 
 29.88  29.77  29.89  29.01  29.09  29.22 
 28.81  28.57  28.83  28.99  28.85  28.08 
 28.95  28.55  29.49  28.58  28.60  29.45 
 29.01  29.90  29.93  29.05  29.45  29.76 
 30.37  30.40  30.07  30.30  30.45  30.73 
 31.10  31.38  31.92  31.77  31.32  31.44 
 32.24  32.76  32.68  32.53  32.53  32.30 
 33.83  33.73  33.88  33.91  33.94  33.26 
 34.12  34.57  34.13  34.54  34.97  34.70 
 32.27  32.86  32.01  32.64  32.32  32.75 
 31.80  31.09  31.79  31.04  31.48  32.00 
 30.01  30.45  30.24  30.84  30.44  30.43 
 29.15  30.00  29.07  29.51  29.36  29.20 
 28.51  28.48  28.58  28.69  28.70  28.29 
 29.02  29.27  28.57  28.60  29.43  28.94 
 29.71  29.61  29.93  29.42  29.27  29.85 
 30.41  30.69  30.98  30.62  30.60  30.65 
 31.74  31.39  31.67  31.99  31.48  31.91 
 32.17  32.21  32.52  32.78  32.47  32.19 
 33.70  33.85  33.20  33.65  33.73  33.55 
 34.74  34.26  34.02  34.31  34.10  34.29 
 32.56  32.38  32.05  32.64  32.31  32.03 
 31.23  31.91  31.93  31.61  31.64  31.58 
 30.21  30.42  30.19  30.64  30.98  30.92 
 29.42  29.08  29.93  29.71  29.49  29.04 
 29.00  28.75  28.20  28.48  28.51  28.06 
 29.48  29.44  29.45  28.98  29.15  28.72 
 29.49  29.54  29.11  29.06  29.41  29.73 
 30.65  30.59  30.79  30.93  30.72  30.94 
 31.31  31.04  31.35  31.18  31.61  31.11 
 32.38  32.38  32.90  32.75  32.60  32.51 
 33.72  33.74  33.59  33.07  33.03  33.13 
 34.20  34.21  34.21  34.67  34.18  34.41 
 32.54  32.99  32.07  32.28  32.21  32.19 
 31.45  31.12  31.34  31.39  31.33  31.47 
 30.87  30.36  30.37  30.71  30.57  30.69 
 29.30  29.73  29.21  29.26  29.84  29.70 
 28.49  28.72  28.77  28.85  28.61  28.02 
 29.16  29.50  28.89  29.32  28.81  28.86 
 29.07  29.90  29.66  29.75  29.05  29.22 
 30.47  30.39  30.74  30.92  30.24  30.16 
 31.17  31.91  32.00  31.81  31.00  31.39 
 32.02  32.56  32.52  33.00  32.24  32.51 
 33.12  33.59  33.42  33.24  33.60  33.63 
 34.80  34.77  34.72  34.01  34.17  34.34 
 32.10  32.74  32.44  32.04  32.94  32.42 
 31.70  31.84  31.74  31.80  31.05  31.64 
 30.98  30.97  30.11  30.00  30.17  30.84 
 29.31  29.59  29.28  29.73  29.01  29.82 
 28.98  28.16  28.74  28.21  28.56  28.60 
 29.07  28.87  28.90  28.99  28.81  29.06 
 29.26  29.47  29.61  29.97  29.31  29.79 
 30.08  30.40  30.20  30.34  30.70  30.00 
 31.50  31.12  31.41  31.86  31.67  31.29 
 32.86  32.40  32.99  32.52  32.27  32.09 
 33.26  33.80  33.05  33.84  33.45  33.79 
 34.42  34.14  34.32  34.27  34.66  34.30 
 32.97  32.91  32.43  32.21  32.71  32.08 
 31.80  31.77  31.32  31.34  31.29  31.03 
 30.51  30.35  30.99  30.59  30.90  30.37 
 29.21  29.52  29.42  29.00  29.71  29.77 
 28.85  28.97  28.93  28.87  28.80  28.42 
 28.68  28.70  28.75  29.46  28.73  28.54 
 29.94  29.94  29.37  29.59  29.26  29.43 
 30.50  30.55  30.03  30.37  30.37  30.07 
 31.71  31.55  31.06  31.19  31.95  31.42 
 32.57  32.56  32.33  32.57  32.90  32.47 
 33.46  33.97  33.97  33.67  33.78  33.85 
 34.96  34.17  34.73  34.21  34.64  34.00 
 32.41  32.72  32.61  32.56  32.62  32.80 
 31.87  31.30  31.85  31.61  31.59  31.26 
 30.09  30.39  30.39  30.82  30.13  30.74 
 29.41  29.86  29.03  29.29  29.86  29.46 
 28.11  28.71  28.68  28.42  28.88  28.30 
 29.45  29.33  28.64  29.09  29.22  29.27 
 29.53  29.10  29.08  29.13  29.61  29.88 
 30.01  30.31  30.11  30.99  30.43  30.21 
 31.43  31.71  31.84  31.44  31.15  31.03 
 32.58  32.43  32.84  32.67  32.19  32.05 
 33.16  33.12  33.83  33.87  33.97  33.35 
 34.44  34.49  34.76  34.07  34.11  34.56 
 32.58  32.38  32.02  32.96  32.82  32.46 
 31.57  31.55  32.00  31.66  31.49  31.67 
 30.47  30.11  30.09  30.26  30.08  30.30 
 29.93  29.10  29.30  29.75  29.13  29.77 
 28.80  28.74  28.11  28.21  28.51  28.56 
 29.28  28.93  29.37  29.32  29.49  28.94 
 29.57  29.57  29.87  29.20  29.62  29.83 
 30.11  30.54  30.55  30.82  30.36  30.78 
 31.15  31.91  31.80  31.77  31.54  31.50 
 32.62  32.37  32.88  32.26  32.63  32.23 
 33.42  33.16  33.81  33.39  33.77  33.60 
 34.59  34.31  34.26  34.51  34.08  34.41 
 32.36  32.40  32.21  32.39  32.11  32.63 
 31.14  31.53  31.35  31.28  31.63  31.16 
 30.30  30.51  30.81  30.09  30.89  30.69 
 29.25  29.51  29.76  29.12  29.24  29.00 
 28.27  28.51  28.61  28.53  28.84  28.99 
 28.79  28.97  29.46  29.20  29.41  28.64 
 29.60  29.65  29.47  29.19  29.29  29.17 
 30.56  30.64  30.93  30.35  30.02  30.30 
 31.71  31.40  31.59  31.34  31.02  31.83 
 32.26  32.54  32.60  32.06  32.85  32.98 
 33.80  33.22  33.45  33.56  33.86  33.53 
 34.14  34.48  34.84  34.68  34.56  34.98 
 32.92  32.81  32.54  32.55  32.22  32.66 
 31.65  31.20  31.47  31.00  31.75  31.92 
 30.34  30.29  30.69  30.63  30.86  30.45 
 29.67  29.53  29.14  29.06  29.71  29.95 
 28.54  28.07  28.18  28.43  28.50  28.96 
 29.03  29.49  28.50  29.32  29.20  29.00 
 29.05  29.55  29.14  29.63  29.63  29.37 
 30.96  30.56  30.10  30.66  30.59  30.14 
 31.30  31.94  31.68  31.39  31.47  31.02 
 32.83  32.75  32.96  32.11  33.00  32.90 
 33.02  33.87  33.93  33.18  33.35  33.56 
 34.08  34.18  34.87  34.65  34.74  34.52 
 32.66  32.54  32.08  32.25  32.28  32.43 
 31.33  31.13  31.11  31.11  31.56  31.03 
 30.41  30.01  30.34  30.76  30.49  30.20 
 29.83  29.04  29.51  29.59  29.20  29.02 
 28.26  28.17  28.88  28.84  28.86  28.81 
 28.68  29.39  29.25  28.63  28.84  29.22 
 29.35  29.00  29.10  29.90  29.53  29.54 
 30.62  30.92  30.32  30.61  30.98  30.69 
 31.32  31.50  31.16  31.09  31.37  31.55 
 32.16  32.37  32.21  32.32  32.32  32.73 
 33.50  33.30  33.37  33.08  33.76  33.74 
 34.30  34.41  34.84  34.56  34.01  34.52 
 32.08  32.92  32.27  32.55  32.17  32.32 
 31.08  31.22  31.37  31.64  31.78  31.99 
 30.71  30.56  30.47  30.71  30.18  30.80 
 29.28  29.55  29.95  29.61  29.85  29.77 
 28.32  28.54  28.35  28.56  28.05  28.52 
 28.84  29.32  29.37  29.48  29.50  29.01 
 29.86  29.61  29.70  29.54  29.81  29.90 
 30.97  30.33  30.52  30.94  30.34  30.88 
 31.43  31.69  31.73  31.42  31.80  31.74 
 32.27  32.45  32.41  32.42  32.29  32.74 
 33.80  33.77  33.01  33.55  33.71  33.52 
 34.44  34.28  34.56  34.82  34.96  34.53 
 32.16  32.44  32.65  32.50  32.14  32.36 
 31.13  31.65  31.76  31.47  31.01  31.39 
 30.19  30.30  30.12  30.47  30.56  30.49 
 29.42  29.28  29.94  29.68  29.35  29.65 
 28.29  28.93  28.02  28.02  28.60  28.89 
 29.32  28.95  29.35  28.92  28.86  29.12 
 29.30  29.38  29.43  29.08  29.24  29.17 
 30.71  30.43  30.95  30.08  30.08  30.34 
 31.04  31.34  31.97  31.43  31.61  31.24 
 32.09  32.80  32.84  32.83  32.09  32.25 
 33.25  33.30  33.47  33.27  33.30  33.40 
 34.24  34.40  34.81  34.17  34.74  34.94 
 32.81  32.41  32.47  32.52  32.07  32.96 
 31.96  32.00  31.60  31.31  31.59  31.13 
 30.20  30.06  30.22  30.97  30.97  30.18 
 29.14  29.20  29.19  29.62  29.08  29.65 
 28.35  28.03  28.58  28.71  28.16  28.82 
 29.34  29.48  29.44  29.38  29.49  28.91 
 29.21  29.31  29.42  29.75  29.02  29.19 
 30.16  30.02  30.80  30.68  30.62  30.75 
 31.93  31.72  31.19  31.80  31.64  31.31 
 32.77  32.63  32.76  32.44  32.42  32.45 
 33.01  33.96  33.57  33.43  33.20  33.16 
 34.72  34.34  34.13  34.31  34.26  34.06 
 32.49  32.15  32.58  32.53  32.69  32.80 
 31.40  31.04  31.15  31.08  31.91  31.86 
 30.33  30.46  30.96  30.15  30.03  30.28 
 29.56  29.29  29.74  29.18  29.17  29.15 
 28.12  28.29  28.17  28.74  28.72  28.21 
 28.97  28.60  28.52  28.80  29.01  29.12 
 29.38  29.98  29.09  29.06  29.22  29.86 
 30.07  30.33  30.01  30.57  30.74  30.40 
 31.66  31.79  31.71  31.61  31.62  31.07 
 32.91  32.12  32.65  32.93  32.55  32.04 
 33.92  33.05  33.37  33.60  33.43  33.23 
 34.50  34.22  34.99  34.00  34.83  34.55 
 32.49  32.76  32.62  32.94  32.82  32.10 
 31.87  31.47  31.44  31.15  31.90  31.03 
 30.15  30.96  30.11  30.16  30.63  30.27 
 29.33  29.90  29.26  29.84  29.27  29.10 
 28.75  28.87  28.29  28.58  28.74  28.91 
 29.28  28.90  28.71  29.05  29.10  28.60 
 29.08  29.67  29.81  29.80  29.56  29.01 
 30.23  30.38  30.50  30.93  30.16  30.86 
 31.25  31.65  31.35  31.97  31.86  31.07 
 32.39  32.64  32.40  32.57  32.51  32.94 
 33.30  33.38  33.42  33.29  33.68  33.89 
 34.84  34.05  34.98  34.44  34.69  34.54 
 32.29  32.95  32.77  32.51  32.79  32.66 
 31.81  31.29  31.91  31.61  31.02  31.71 
 30.57  30.30  30.71  30.91  30.69  30.82 
 29.25  29.30  29.84  29.77  29.81  29.26 
 28.23  28.00  28.21  28.21  28.58  28.34 
 29.07  29.45  29.22  28.97  28.58  28.72 
 29.89  29.73  30.00  29.57  29.97  29.60 
 30.32  30.34  30.53  30.02  30.93  30.66 
 31.39  31.93  31.65  31.04  31.95  31.14 
 32.96  32.67  32.68  32.26  32.34  32.30 
 33.77  33.62  33.14  33.13  33.48  33.46 
 34.78  34.72  34.35  34.31  34.77  34.60 
 32.95  32.59  32.62  32.74  32.93  32.36 
 31.47  31.31  31.04  31.12  31.53  31.96 
 30.99  30.77  30.44  30.82  30.04  30.05 
 29.74  29.39  29.32  29.07  29.13  29.30 
 28.61  28.52  28.03  28.34  28.98  28.76 
 28.76  28.63  28.69  29.43  28.85  28.77 
 29.66  29.31  29.20  29.01  29.08  29.82 
 30.33  30.55  30.52  30.26  30.82  30.51 
 31.32  31.72  31.39  31.90  31.95  31.35 
 32.88  32.90  32.64  32.44  32.18  32.04 
 33.80  33.72  33.49  33.19  33.54  33.56 
 34.21  34.64  34.69  34.61  34.80  34.37 
 32.38  32.78  32.77  32.87  32.20  32.91 
 31.85  31.47  31.05  31.61  31.98  31.89 
 30.39  30.40  30.13  30.71  30.92  30.84 
 29.52  29.66  29.31  29.92  29.65  29.24 
 28.74  28.73  28.95  28.73  28.35  28.44 
 28.78  28.98  29.14  28.68  29.08  28.66 
 29.21  29.06  29.71  29.72  29.72  29.67 
 30.86  30.36  30.47  30.51  30.92  30.56 
 31.22  31.63  31.41  31.61  31.09  31.83 
 32.89  32.69  32.03  32.19  32.20  32.74 
 33.31  33.87  33.43  33.46  33.36  33.29 
 34.31  34.18  34.37  34.37  34.09  34.12 
 32.38  32.99  32.18  32.89  32.92  32.51 
 31.48  31.43  31.35  31.08  31.80  31.44 
 30.32  30.45  30.93  30.29  30.32  30.14 
 29.51  29.49  29.93  29.53  29.44  29.85 
 28.12  28.58  28.53  28.67  28.53  28.46 
 29.30  28.84  28.75  29.41  28.76  29.34 
 29.42  29.68  29.21  29.13  29.18  29.25 
 30.34  30.87  30.25  30.64  30.84  30.79 
 31.33  31.36  31.63  31.66  31.82  31.35 
 32.51  32.97  32.84  32.66  32.85  32.62 
 33.15  33.06  33.74  33.62  33.06  33.20 
 34.16  34.87  34.04  34.59  34.68  34.79 
 32.36  32.55  32.30  32.26  32.80  32.27 
 31.83  31.55  31.81  31.21  31.48  31.48 
 30.82  30.90  30.25  30.26  30.22  30.60 
 29.35  29.14  29.03  29.67  29.42  29.71 
 28.42  28.87  28.12  28.34  29.00  28.43 
 29.43  29.38  28.79  28.80  28.71  28.57 
 29.63  29.16  29.80  29.99  29.21  29.29 
 30.46  30.21  30.04  30.34  30.87  30.62 
 31.90  31.90  31.18  31.09  31.00  31.27 
 32.73  32.74  32.77  32.55  32.48  32.43 
 33.57  33.57  33.84  33.78  33.31  33.89 
 34.94  34.79  34.33  34.87  34.19  34.88 
 32.38  32.80  32.57  32.67  32.87  32.68 
 31.47  31.34  31.08  31.20  31.01  31.63 
 30.99  30.68  30.71  30.11  30.47  30.96 
 29.67  29.41  29.44  29.11  29.38  29.76 
 28.01  28.60  28.63  28.79  28.13  28.89 
 29.38  28.64  29.37  29.43  29.34  28.95 
 29.55  29.06  29.51  29.81  29.02  29.14 
 30.58  30.69  30.02  30.25  30.88  30.88 
 31.42  31.61  31.09  31.71  31.93  31.60 
 32.09  32.36  32.10  32.50  32.63  32.18 
 33.65  33.22  33.68  33.03  33.91  33.38 
 34.58  34.08  34.58  34.29  34.43  34.97 
 32.53  32.79  32.10  32.51  32.91  32.38 
 31.40  31.56  31.04  31.26  31.49  31.05 
 30.64  30.93  30.07  30.14  30.04  30.79 
 29.68  29.03  29.92  29.20  29.21  29.21 
 28.68  28.19  28.59  28.04  28.79  28.12 
 29.06  29.30  29.39  28.63  28.87  28.63 
 29.23  29.47  29.70  29.97  29.85  29.71 
 30.09  30.20  30.85  30.96  30.73  30.74 
 31.58  31.67  31.55  31.47  31.01  31.76 
 32.49  32.85  32.57  32.93  32.05  32.76 
 33.57  33.72  33.83  33.43  33.74  33.65 
 34.12  34.25  34.65  34.71  34.06  34.37 
 32.72  32.17  32.90  32.40  32.29  32.07 
 31.78  31.50  31.45  31.36  31.44  31.10 
 30.61  30.20  30.16  30.68  30.00  30.07 
 29.86  29.84  29.29  29.67  29.64  29.10 
 28.26  28.32  28.24  28.92  28.89  28.52 
 29.46  29.17  28.53  28.82  29.48  29.50 
 29.47  29.80  29.69  29.25  29.19  29.24 
 30.42  30.73  30.35  30.75  30.46  30.56 
 31.15  31.89  31.29  31.51  31.87  31.45 
 32.75  32.09  32.65  32.68  32.39  32.85 
 33.07  33.53  33.09  33.95  33.79  33.19 
 34.79  34.99  34.34  34.70  34.29  34.92 
 32.52  32.87  32.98  32.71  32.49  32.38 
 31.14  31.99  31.20  31.17  31.35  31.93 
 30.34  30.33  30.94  30.06  30.13  30.34 
 29.96  29.46  29.37  29.36  29.67  29.48 
 28.08  28.20  29.00  28.19  28.29  28.34 
 29.17  28.83  29.28  29.18  28.99  28.97 
 29.43  29.10  29.99  29.28  29.96  29.33 
 30.94  30.19  30.20  30.05  30.73  30.22 
 31.99  31.92  31.20  31.66  31.14  31.66 
 32.74  32.42  32.02  32.58  32.74  32.09 
 33.55  33.46  33.49  33.13  33.19  33.37 
 34.12  34.53  34.58  34.70  34.52  34.64 
 32.59  32.76  32.83  32.91  32.05  32.06 
 31.86  31.96  31.74  31.06  31.82  31.35 
 30.41  30.88  30.70  30.78  30.44  30.79 
 29.99  29.57  29.59  29.90  29.47  29.07 
 28.15  28.42  28.44  28.99  28.82  28.03 
 28.65  29.45  29.32  28.73  29.15  28.78 
 29.99  29.05  29.76  29.99  29.37  29.81 
 30.03  30.71  30.11  30.94  30.39  30.72 
 31.83  31.99  31.06  31.90  31.93  31.43 
 32.64  32.72  32.28  32.31  32.06  32.78 
 33.22  33.33  33.55  33.10  33.46  33.81 
 34.57  34.68  34.28  34.23  34.48  34.40 
 32.72  32.02  32.68  32.04  32.01  32.47 
 32.00  31.34  31.43  31.78  31.25  31.29 
 30.77  30.48  30.98  30.83  30.41  30.31 
 29.75  29.17  29.76  29.58  29.45  29.94 
 28.10  28.12  28.10  28.63  28.16  28.47 
 28.56  28.97  28.82  29.30  29.19  28.97 
 29.92  29.52  29.44  29.63  29.59  29.82 
 30.58  30.21  30.91  30.19  30.38  30.55 
 31.24  31.86  31.16  31.85  32.00  31.82 
 32.56  32.33  32.96  32.22  32.27  32.58 
 33.33  33.79  33.86  33.57  33.82  33.40 
 34.86  34.13  34.04  34.54  34.53  34.50 
 32.71  32.28  33.00  32.65  32.31  32.20 
 31.28  31.56  31.53  31.10  31.92  31.42 
 30.83  30.44  30.58  30.52  30.21  30.91 
 29.81  29.05  29.53  29.29  29.38  29.58 
 28.57  28.20  28.22  28.06  28.47  28.32 
 28.51  28.87  29.02  28.89  29.39  28.77 
 29.90  29.80  29.33  29.76  29.82  29.92 
 30.95  30.70  30.63  30.77  30.51  30.99 
 31.95  31.55  31.13  31.13  31.75  31.05 
 32.33  32.13  32.53  32.31  32.73  32.49 
 33.63  33.76  33.79  33.42  33.72  33.48 
 34.79  34.69  34.71  34.31  34.32  34.07 
 32.20  32.78  32.08  32.22  32.46  32.94 
 31.56  31.22  31.53  31.17  31.06  31.62 
 30.84  30.39  30.84  30.73  30.58  30.71 
 29.25  29.79  29.78  29.00  29.84  29.31 
 28.87  28.72  28.85  28.37  28.29  28.43 
 29.47  29.05  28.76  29.33  29.12  28.55 
 29.67  29.82  29.25  29.10  29.62  29.61 
 30.71  30.15  30.26  30.80  30.80  30.10 
 31.13  31.68  31.34  31.51  31.51  31.92 
 32.13  32.56  32.70  32.27  32.55  32.69 
 33.12  33.12  33.72  33.06  33.48  33.62 
 34.18  34.13  34.27  34.87  34.78  34.61 
 32.22  32.77  32.42  32.47  32.14  32.30 
 31.90  31.23  31.70  31.81  31.75  31.14 
 30.65  30.17  30.49  30.43  30.74  30.99 
 29.97  29.96  29.32  29.55  29.42  29.02 
 28.37  28.93  28.15  28.96  28.60  28.24 
 28.83  28.83  28.50  28.66  28.63  29.09 
 29.24  29.30  29.22  29.69  29.32  29.43 
 30.73  30.51  30.34  30.11  30.72  30.98 
 31.37  31.73  31.55  31.33  31.04  31.59 
 32.95  32.16  32.25  32.87  32.56  32.48 
 33.16  33.88  33.23  33.29  33.88  33.05 
 34.01  34.84  34.77  34.10  34.67  34.10 
 32.71  32.29  32.89  32.99  32.05  32.31 
 31.38  31.90  31.49  31.39  31.63  31.84 
 30.07  30.19  30.96  30.29  30.24  30.08 
 29.33  29.91  29.28  29.52  29.77  29.62 
 28.11  28.02  28.38  28.80  28.50  28.94 
 28.74  28.92  28.62  28.67  29.01  29.35 
 29.20  29.32  29.41  29.43  29.76  29.93 
 30.99  30.62  30.87  30.80  30.64  30.68 
 31.96  31.83  31.98  31.76  31.18  31.02 
 32.33  32.62  32.47  32.39  32.16  32.12 
 33.49  34.00  33.91  33.47  33.27  33.04 
 34.91  34.32  34.66  34.11  34.65  34.64 
 32.85  32.61  32.65  32.23  32.83  32.32 
 31.96  31.26  31.79  31.30  31.68  31.03 
 30.17  30.61  30.83  30.28  30.88  30.95 
 29.12  29.55  29.10  29.08  29.24  29.41 
 28.11  28.18  28.26  28.55  28.36  28.89 
 28.72  29.47  28.92  29.45  29.02  28.69 
 29.53  29.15  29.26  29.37  29.74  29.36 
 30.80  30.93  30.17  30.40  30.91  30.18 
 31.48  31.52  31.64  31.86  31.98  31.81 
 32.11  32.11  32.22  32.57  32.67  32.97 
 33.90  33.64  33.39  33.16  33.77  33.52 
 34.15  34.20  34.22  34.98  34.93  34.07 
 32.07  32.56  32.76  32.48  32.40  32.11 
 31.99  31.36  31.69  31.52  31.86  31.63 
 30.73  30.82  30.74  30.22  30.73  30.94 
 29.21  29.14  29.26  29.08  29.84  29.93 
 28.44  28.56  28.38  28.33  28.04  28.52 
 29.27  29.49  28.85  28.92  29.07  29.04 
 29.10  29.37  29.45  29.31  29.77  29.23 
 30.91  30.22  30.39  30.98  30.99  30.32 
 31.84  31.21  31.93  31.90  31.73  31.20 
 32.32  32.42  32.19  32.30  32.30  32.30 
 33.31  33.89  33.35  33.77  33.33  33.90 
 34.66  34.69  34.15  34.93  34.17  34.33 
 32.51  32.37  32.96  32.26  32.46  32.24 
 31.29  31.14  31.68  31.89  31.97  31.46 
 30.14  30.25  30.79  30.09  30.42  30.47 
 29.46  29.12  29.31  29.20  29.58  29.85 
 28.93  28.89  28.62  28.08  28.19  28.20 
